Index Time Science flux Science flux error Weighted mean Ratio Ratio error
0 59822.91550269676 12844.825 3.7058655000000003 2073.1829139320384 6.195702710880566 0.003112214210298411
1 59822.91607491898 10276.45 3.5989195 1656.083943582544 6.205271200063291 0.0039451039940504124
2 59822.919972407406 10251.225 3.6219755 1650.2688903865187 6.2118513290273585 0.003951342837992501
3 59822.92026133102 10317.68 3.5977125 1659.6760305192865 6.216683141933284 0.003940034165089802
4 59822.92055792824 10302.055 3.6018909999999997 1656.6292156979484 6.2186848465422475 0.003946358505910137
5 59822.9208528125 10275.130000000001 3.6059575 1658.7338815210403 6.194562078021716 0.003929333739195472
6 59822.92114226852 10276.460000000001 3.596031 1657.063842321818 6.2016077700428225 0.003942676719650934
7 59822.921433668984 10308.960000000001 3.6073009999999996 1658.7297535709492 6.214972618539367 0.003943893842039557
8 59822.92173055556 10307.965 3.6029015 1662.061162297809 6.201916772875663 0.003928567978256164
9 59822.92202733796 10358.595 3.6100115 1663.7370754001427 6.226100958595679 0.003935206427620292
10 59822.92232344907 10366.189999999999 3.6126840000000002 1665.3363380365554 6.224682524025037 0.003923214181804589
11 59822.92261216435 10291.145 3.614542 1666.4226954619655 6.175590999825582 0.003899684181576446
12 59822.92290071759 10273.91 3.60683 1663.6390014345916 6.175564525200832 0.003909330916774875
13 59822.92319530093 10333.23 3.6007689999999997 1664.274751687203 6.2088486228156805 0.0039261931507138005
14 59822.92349224537 10340.865 3.6079375 1669.2853376299106 6.194785736680702 0.003904390216210971
15 59822.923787858796 10362.795 3.597473 1667.8096784393879 6.213415795558119 0.003919346101564941
16 59822.924085439816 10268.39 3.6048769999999997 1663.8739122694583 6.171375080936464 0.00390706599905143
17 59822.924381770834 10338.4 3.5996375 1668.1022608689607 6.197701569335708 0.003913461425209344
18 59822.92467201389 10319.635 3.595478 1664.6111233339732 6.199426914396245 0.003921571609603274
19 59822.92496818287 10342.865 3.6172674999999996 1666.7506698401419 6.2054062357100985 0.00391045023013051
20 59822.92525579861 10328.685000000001 3.6239885000000003 1670.1655873647207 6.184228125725647 0.0038911152646077776
21 59822.92554204861 10314.91 3.6269959999999997 1674.0435274369543 6.1616737145375495 0.003872029328479441
22 59822.92582855324 10321.135 3.6353445 1666.4491893554844 6.193489166022398 0.00389976501478224
23 59822.92611486111 10308.119999999999 3.6354415 1666.9193015196809 6.183934633549682 0.0038941528839694026
24 59822.92640118056 10307.955 3.62995 1664.0463535392112 6.1945119365673404 0.0039056944693771746
25 59822.92668708333 10329.585000000001 3.614317 1666.346309282856 6.198942526206054 0.003912077071194863
26 59822.92697344907 10344.86 3.623416 1663.7331543321723 6.21786010158129 0.003922357827598726
27 59822.92726011574 10371.14 3.637789 1669.3487722666212 6.212686151808884 0.003907135439011627
28 59822.92754657407 10339.61 3.627191 1669.7411169293127 6.192343169349959 0.0038945315643498313
29 59822.92783325232 10343.84 3.6130555 1661.9988406821012 6.22373478657469 0.003933236458701091
30 59822.928119351855 10330.135 3.6175725 1664.479271547217 6.206226281446942 0.003917123714764166
31 59822.92840601852 10308.289999999999 3.6098445 1662.140309866704 6.201816981880835 0.003920817732735934
32 59822.92869494213 10360.73 3.6094904999999997 1665.938954200646 6.219153453297635 0.003918918905552069
33 59822.928990162036 10362.58 3.6193750000000002 1665.1776302613955 6.223107860494924 0.003925486816600981
34 59822.929285983795 10287.61 3.6071485 1671.2533010690893 6.155625836860928 0.003884058496517081
35 59822.929582766206 10348.77 3.604907 1658.4410374894592 6.240059047058992 0.003950954478735537
36 59822.92987925926 10324.95 3.620946 1666.6586291749334 6.194999875356172 0.003909426780698876
37 59822.930175775466 10367.18 3.716672 1663.5483999517162 6.231967762585629 0.00389297491470545
38 59822.930473148146 10323.564999999999 3.6378234999999997 1664.8584334612003 6.200866567698226 0.003906786818390843
39 59822.930770625 9843.695 3.6167050000000005 1578.9118360937396 6.234480466213683 0.004148451950058719
40 59822.93106791667 10332.0 3.610143 1667.3140218744086 6.196793084235373 0.0039115110372705
41 59822.93135688658 10381.77 3.6231815 1672.419322862783 6.207635763397475 0.0038971657199699875
42 59822.93164650463 10336.539999999999 3.6274515000000003 1670.298303908759 6.188439499585721 0.0038953228459427617
43 59822.93194105324 10330.135 3.616359 1668.8462938469438 6.18998588311418 0.0039016042747089725
44 59822.9322353125 10334.955 3.6098765 1672.3554527089404 6.1798793930196325 0.003888880615857764
45 59822.93253116898 10335.955 3.6017305 1667.8828549618906 6.19705093151531 0.003909820225559406
46 59822.93282380787 10322.98 3.5941895 1671.1259537956482 6.177260293608207 0.0038947482436459805
47 59822.933119560184 10340.405 3.599785 1663.793805899763 6.214955821648833 0.003930371509362468
48 59822.933414467596 10352.119999999999 3.603016 1664.8210755745947 6.2181577058826445 0.003926509016146309
49 59822.93370997685 10381.414999999999 3.602516 1667.6408009510908 6.225210485423035 0.003926381641378694
50 59822.9340078125 10422.045 3.6024900000000004 1668.5722876194561 6.246085397276422 0.003930374708711293
51 59822.934304270835 10391.855 3.596585 1670.5821647405742 6.2204991884453396 0.003914311600256237
52 59822.934600092594 10347.119999999999 3.601719 1670.5171784937736 6.193962045532215 0.003900169598949506
53 59822.93489633102 10331.885 3.609968 1667.145749641425 6.197349573198513 0.003909876661649371
54 59822.935192592595 10330.735 3.599875 1664.6595743611224 6.205914505952258 0.003928825013078517
55 59822.9354893287 10365.9 3.5973835000000003 1668.6468553057434 6.212159251695394 0.0039186728125244095
56 59822.93578599537 10358.814999999999 3.6119174999999997 1668.4799570864984 6.208534274567238 0.003911507339164392
57 59822.936077569444 10340.84 3.610322 1668.3399681634241 6.198281044230819 0.003907125111516307
58 59822.93637188657 10341.265 3.6144635000000003 1672.672517951217 6.182480365413404 0.0038875939888806453
59 59822.93666638889 10390.255000000001 3.606429 1670.5801082466737 6.21954909477816 0.003918989003517214
60 59822.93696103009 10349.1 3.612081 1669.7781056903027 6.197889387058157 0.0039045151776280406
61 59822.937255046294 10334.175 3.604904 1668.060412981675 6.1953241738574425 0.0039105629256494245
62 59822.93754820602 10352.560000000001 3.608823 1671.8633160699746 6.1922286950679775 0.0038957108202885703
63 59822.93784326389 10338.015 3.6146845 1671.187201540339 6.186030500036989 0.0038951737418668644
64 59822.93813824074 10342.585000000001 3.6117310000000002 1668.264678516817 6.199606772946336 0.0039052966405532332
65 59822.93843283565 10352.885 3.6006295 1660.309052327395 6.235516806637589 0.0039460752212388
66 59822.93872829861 10338.53 3.5937965 1667.8772202413752 6.198615746130167 0.003917661330236568
67 59822.9390227662 10352.855 3.6107325 1665.4478010288908 6.216259070746107 0.003921824870151447
68 59822.93931736111 10353.3 3.6025 1661.4774089663151 6.231381747430008 0.0039403899653116265
69 59822.93961177083 10413.955 3.6086945 1670.776886302876 6.233001596666914 0.003914921496477486
70 59822.939907002314 10348.164999999999 3.61715 1666.6471176946814 6.208971827409786 0.003917466187020498
71 59822.94020099537 10332.375 3.619941 1664.729861387679 6.2066376291149 0.003918419533146053
72 59822.94049487269 10330.35 3.6101585 1670.3565648076594 6.184517855437371 0.003903271325509026
73 59822.94078931713 10356.155 3.6199489999999996 1665.7423797689928 6.217140853098908 0.003919236992864637
74 59822.941083460646 10377.93 3.620968 1673.0709879431909 6.2029226941280164 0.0038993761192267465
75 59822.94137768519 10338.265 3.6187935 1659.6188456901386 6.229300798100373 0.003938887927410194
76 59822.94167251157 10333.5 3.6033655 1664.5497945605675 6.207984906049621 0.003918357359140845
77 59822.9419678125 10350.914999999999 3.6152445 1669.2703207247705 6.20086206019993 0.003909469662703644
78 59822.94226255787 10386.414999999999 3.6166964999999998 1673.688058122566 6.2057053879268285 0.003895703623101367
79 59822.942557916664 10304.189999999999 3.6038355 1668.5450512489415 6.175553960791825 0.0038999052357476527
80 59822.942851875 10385.465 3.6051580000000003 1671.0412690947114 6.214966196272542 0.003909234458560512
81 59822.943145717596 10333.11 3.5932070000000005 1672.7136328816364 6.177453089922408 0.003892033878307527
82 59822.94344106482 10354.685000000001 3.612787 1664.821447005827 6.2196970243402685 0.00392407548980059
83 59822.94373288195 10355.445 3.614307 1667.0143013308054 6.21197130206566 0.003913857038277837
84 59822.94402771991 10296.625 3.6064415 1664.269235616696 6.186874563107921 0.003916698251832902
85 59822.94432210648 10333.994999999999 3.613955 1670.1925524992225 6.187307555968047 0.0038960234038590224
86 59822.94461711805 10312.689999999999 3.618961 1663.547563031675 6.199215597542635 0.003916988063196217
87 59822.94491133102 10332.560000000001 3.6198995 1675.1555462029762 6.1681197447129605 0.0038787035396204445
88 59822.945206006945 10336.11 3.6071685 1667.62607600444 6.19809809208841 0.003911844560971496
89 59822.94550134259 10383.145 3.6217115 1666.1586642412535 6.231786457581065 0.003919632372139337
90 59822.94579506944 10385.07 3.6182795 1670.2701317428296 6.217599059359209 0.0039106147997465405
91 59822.94609025463 10433.310000000001 3.6013125 1673.0162856594134 6.236227399237629 0.003916887030630335
92 59822.946384375 10393.76 3.615544 1673.9891874181244 6.208976783195838 0.003896154756508471
93 59822.94667434028 10342.735 3.6109205 1670.0309997652791 6.193139529418112 0.003900204532816779
94 59822.94696912037 10356.795 3.6073180000000002 1669.1154133917312 6.204960374162768 0.003907839556649721
95 59822.94726388889 10392.45 3.6161454999999996 1672.2056181454973 6.214815861894659 0.0039031463546390214
96 59822.94755819444 10370.705 3.606466 1672.257972586079 6.201617914227747 0.003899596349313062
97 59822.94785365741 10347.555 3.6213360000000003 1676.548609766342 6.171938552644843 0.0038765440725953846
98 59822.94814699074 10347.55 3.6153585 1672.3179471754636 6.187549453425982 0.0038899058515253003
99 59822.94844040509 10332.505000000001 3.6198900000000003 1664.396941670173 6.207957213398649 0.00391876816079375
100 59822.94873539352 10325.42 3.619946 1665.1944543106952 6.2007292741520645 0.0039134356440381065
101 59822.94902936342 10409.975 3.611457 1672.6690245585623 6.223571338476432 0.003907217198017503
102 59822.94932314815 10365.875 3.6188209999999996 1670.2146268567817 6.2063131488123755 0.0039041538199175536
103 59822.94961667824 10355.255000000001 3.6155295 1673.689998815898 6.187080646551115 0.003892671333191346
104 59822.94991099537 10347.11 3.6286955 1669.3033781707131 6.1984598697324635 0.0038996434849311967
105 59822.9502055787 10341.405 3.609292 1666.1156548760484 6.20689504341123 0.003915232208017195
106 59822.95049991898 10338.115 3.6112900000000003 1668.8550007150852 6.194735309880269 0.0039023875553079327
107 59822.95079519676 10316.085000000001 3.6222645 1669.530186929198 6.179034725316703 0.003892613165861614
108 59822.951089675924 10365.555 3.610716 1664.383804278645 6.227863413086083 0.003934920213369067
109 59822.951384803244 10349.380000000001 3.6038474999999996 1660.4596514345092 6.232840401185861 0.003945319499477806
110 59822.95167913195 10284.619999999999 3.6238639999999998 1662.970695659963 6.1844866099209685 0.00391175285105171
111 59822.9519733912 10275.985 3.6122755 1663.6373434481025 6.176817946813877 0.003910166642983358
112 59822.95226832176 10275.59 3.621332 1668.1545895723693 6.159854766598186 0.0038868506398465827
113 59822.95256355324 10344.08 3.622077 1665.055329431693 6.212454215278588 0.003914408770418382
114 59822.952858240744 10351.405 3.6113085 1666.4669130835077 6.211587472112797 0.003918519239735851
115 59822.95315327546 10261.3 3.6102220000000003 1665.1293102900574 6.162464342311367 0.0038993102160437415
116 59822.95344858796 10293.975 3.6149324999999997 1662.271222987786 6.192716842861232 0.003915440559359207
117 59822.95374171296 10339.36 3.6246169999999998 1666.0352377618506 6.205967176234449 0.0039116112579771125
118 59822.954036400464 10292.11 3.6120399999999995 1668.446268847271 6.168679322895316 0.003892632304094625
119 59822.95433060185 10295.75 3.6243814999999997 1668.6498695593443 6.170108054315129 0.0038878232418167705
120 59822.95462525463 10259.685000000001 3.6186095000000003 1663.241138745047 6.168489199191625 0.0039029266606256914
121 59822.95492037037 10322.195 3.6153264999999997 1668.2261337472576 6.187527452776286 0.0039027567522627975
122 59822.95521517361 10254.855 3.6235045 1667.9765078598493 6.148081193995843 0.003884333428450206
123 59822.955509444444 10274.105 3.6094169999999997 1664.0011716711317 6.17433759958346 0.003907897073685013
124 59822.9558030787 10341.22 3.6184184999999998 1665.5878430888579 6.208750888108099 0.003911402735127448
125 59822.95609707176 10276.6 3.61565 1664.736832874342 6.173107843271766 0.0039012734215940854
126 59822.956391377316 10219.17 3.6149335000000002 1667.0228705003806 6.130191841298837 0.0038729784383531025
127 59822.95668329861 10308.36 3.6381205000000003 1666.4318899587379 6.185887381365009 0.0039030349599415725
128 59822.9569777662 10188.355 3.6080195 1663.7852657297892 6.123599727595293 0.0038858201756112693
129 59822.95727306713 10214.869999999999 3.6313435 1672.0466906822232 6.109201409819579 0.003855734356829912
130 59822.95756721065 10172.615 3.6213205000000004 1670.624873419658 6.089107831357338 0.0038512253513541513
131 59822.957860648145 10224.125 3.618696 1674.1611492009658 6.107013655692412 0.003850438240277992
132 59822.95815412037 10220.61 3.621302 1666.2887467927121 6.1337568411673695 0.003880829190300627
133 59822.95844834491 10244.72 3.6061895 1671.2076576235563 6.130129881386439 0.003867931843429689
134 59822.95874304398 10241.32 3.6224235 1671.8301152070774 6.125813805388643 0.0038635390109802914
135 59822.95903775463 10204.07 3.6191575 1667.4663777865737 6.11950569794701 0.0038680236107864053
136 59822.95933171296 10194.905 3.632087 1665.114914957242 6.122643493504346 0.0038738162125234255
137 59822.95962439815 10177.615 3.6227935 1672.5317967880135 6.08515486494513 0.0038424202650347555
138 59822.959920104164 10193.07 3.6210575 1671.7954862097613 6.097079507679128 0.0038558281044846934
139 59822.96021517361 10211.26 3.624393 1667.5774305639122 6.1234098116493065 0.003868262457824405
140 59822.960509930555 10240.210000000001 3.6241275 1667.0116930142856 6.142854332043517 0.0038859659489243904
141 59822.96080574074 10187.825 3.6183875 1668.4057497193169 6.106323357920544 0.0038669150250639655
142 59822.961101203706 10133.135 3.6222374999999998 1666.093358629059 6.081973106439862 0.003856643754752385
143 59822.96139568287 10166.414999999999 3.6252245000000003 1667.2248148963386 6.097806911920338 0.0038606487497206293
144 59822.96169060185 10152.675 3.6174169999999997 1667.5139475514738 6.088509793221145 0.0038616299643669774
145 59822.96198508102 10176.494999999999 3.612353 1674.2358196402117 6.0782924846195785 0.003843628634213083
146 59822.96227984954 10136.175 3.6305715 1665.8152537748003 6.0848134131507345 0.003861380964734798
147 59822.96257474537 10119.119999999999 3.6124720000000003 1666.674850249753 6.071442188309038 0.0038525338103501607
148 59822.96286965278 10193.78 3.629374 1669.3622717205167 6.106391747726425 0.0038618209801075326
149 59822.96316407408 10134.72 3.6081429999999997 1669.8531261507908 6.069228389781639 0.0038500961357689246
150 59822.96345821759 10160.515 3.61721 1668.6991754266362 6.0888835744778635 0.003855166418138557
151 59822.96375270833 10096.975 3.633981 1664.417108347611 6.066372995903658 0.003848702346116618
152 59822.96404738426 10109.45 3.6170540000000004 1666.4105851848226 6.066602126677415 0.003851936080358319
153 59822.96434233796 10134.735 3.6177225 1670.1279435522902 6.068238687416879 0.003845218327437892
154 59822.96463578704 10103.86 3.6174714999999997 1667.1890267522233 6.0604165681697655 0.0038490350612504247
155 59822.96493028935 10155.325 3.6130229999999997 1665.129688702771 6.098819250476259 0.003871025468569367
156 59822.96522519676 10044.2 3.6176180000000002 1670.7245154660936 6.011882813126675 0.003818300832286094
157 59822.96551952546 10134.43 3.6202154999999996 1667.7413078778645 6.0767398109816355 0.0038528273189219015
158 59822.965814456016 10105.755000000001 3.6367095 1672.5543177936452 6.042108703130812 0.0038254870103725065
159 59822.9661091088 10054.33 3.6270119999999997 1666.3515267450605 6.033738883199186 0.0038340733845946737
160 59822.96640416667 10141.025 3.623834 1665.3904831586703 6.089277621405629 0.0038642395052051796
161 59822.96669875 10027.52 3.612782 1665.2512421451413 6.021625894170037 0.0038346410724777714
162 59822.96699422454 10095.805 3.621833 1666.679605304138 6.057435975019148 0.0038533005532724886
163 59822.96728907408 10061.74 3.615856 1668.762461928008 6.029462089155067 0.003828789130008335
164 59822.96758491898 10066.175 3.603836 1670.4371883857507 6.0260721384726725 0.00382682892976614
165 59822.967880648146 10065.289999999999 3.6015070000000002 1662.7024069317265 6.053572760849018 0.003860300573328863
166 59822.968175208334 10056.83 3.6211305000000005 1665.6427302130762 6.037807398657145 0.003840883867011707
167 59822.968470023145 10079.105 3.6113259999999996 1666.2223719455214 6.049075543399044 0.0038463314178168416
168 59822.96876393518 10065.335000000001 3.6165469999999997 1666.7404397252135 6.038933693634636 0.0038399274382401173
169 59822.96905681713 10085.77 3.6127434999999997 1661.269757310276 6.071121174401947 0.0038633399289468334
170 59822.969350810185 10052.135 3.620432 1672.0508214965955 6.011859729839239 0.0038138739186880455
171 59822.9696447338 10101.210000000001 3.6048470000000004 1666.7923464049354 6.060269008186328 0.0038510716301902058
172 59822.969938194445 10046.235 3.6028395000000004 1663.5036021631975 6.039202432105355 0.003851036391691061
173 59822.970232604166 10062.905 3.6110169999999995 1669.91720647965 6.0259903670395705 0.003828150848393248
174 59822.97052674768 10079.45 3.6174120000000003 1669.3866269457778 6.037816427486803 0.003832759305321379
175 59822.97082119213 10077.1 3.6211075 1661.837955682078 6.063828284547753 0.0038625051408361978
176 59822.971115671295 10052.335000000001 3.6109769999999997 1659.8869655938613 6.056035867721604 0.003863849383891243
177 59822.97140859954 10010.635 3.6231275 1663.0228723524026 6.019541382398196 0.0038370766261773474
178 59822.97170248842 10066.175 3.614776 1668.4324652790556 6.033312830745217 0.003834080192506049
179 59822.97199667824 10090.53 3.633268 1668.9641716990775 6.045983593361028 0.0038371279326076336
180 59822.9722908912 10069.435000000001 3.6252969999999998 1659.8395649923111 6.06651101249454 0.0038667009126033707
181 59822.97258541667 10053.32 3.6154265000000003 1668.9396371750663 6.023776879681982 0.003827219904480627
182 59822.972880775465 10103.380000000001 3.617355 1668.8602927252819 6.054059794005274 0.0038418084051578772
183 59822.97317439815 10042.414999999999 3.6245985 1665.3961924243192 6.030045610577051 0.0038418787896520937
184 59822.97346898148 10053.51 3.6124229999999997 1662.6216017737256 6.04678177480352 0.003851562835520659
185 59822.97376392361 10045.814999999999 3.6317115 1673.6148699244152 6.002465191082877 0.003801723309581547
186 59822.97405060185 10084.3 3.6295285 1660.107748216643 6.074485231957369 0.0038667665858680457
187 59822.97434364583 10082.635 3.6286095000000005 1667.8964289585601 6.04512056320885 0.003836144075074191
188 59822.97463707176 10025.42 3.6111905 1655.9520801366177 6.054172774838323 0.00387293744226107
189 59822.974931689816 10042.025 3.6109074999999997 1666.9948963353193 6.024028641045118 0.003833052982982982
190 59822.97522556713 10083.9 3.6106205000000005 1663.9744603570105 6.060129070632773 0.0038579518457674475
191 59822.975519872685 10028.28 3.6220665 1672.996567190511 5.994202377139748 0.003803985536492928
192 59822.97581405093 10051.89 3.6137430000000004 1657.189460160857 6.065625109047159 0.003875460674938634
193 59822.97610665509 10067.405 3.630943 1660.8983664963712 6.06142145906072 0.0038558692613321613
194 59822.976401087966 10106.695 3.627017 1658.0426251778745 6.0955580070902915 0.0038796130098684802
195 59822.97669481482 10045.35 3.6222380000000003 1662.9636102183163 6.040631279166255 0.0038451385514421186
196 59822.976987407405 10060.89 3.6206975 1664.582202389382 6.0440932178407 0.0038467468517059075
197 59822.97728138889 10022.385 3.6142515000000004 1661.6478268845851 6.0315939622362205 0.0038497927407476575
198 59822.97757415509 10047.095 3.6103615 1656.7216669273598 6.064443533616514 0.0038775046259487264
199 59822.977868877315 10038.210000000001 3.6153619999999997 1661.5373086952982 6.041519469630437 0.003852793858023817
200 59822.97816239583 10078.85 3.623666 1659.4496304739694 6.073610078253051 0.003866287244293867
201 59822.97845730324 10040.164999999999 3.6129515 1662.6987215057231 6.038475203076915 0.0038496493313267596
202 59822.97875195602 10070.48 3.6101750000000004 1661.0350255279448 6.062774020553354 0.0038674524335289163
203 59822.97904615741 10052.275 3.6373334999999996 1656.1151610423728 6.069792268354703 0.0038755478202483467
204 59822.97933976852 10007.01 3.6091504999999997 1660.9429571758058 6.024896855588273 0.0038505478273563225
205 59822.97963363426 10047.49 3.606102 1658.4400209868509 6.058398177114216 0.0038724620201184465
206 59822.97992824074 10061.215 3.621929 1660.239701896347 6.06009782112062 0.0038611388122602552
207 59822.980221875 10072.845 3.624999 1660.0064755582791 6.06795524494107 0.0038655775926394183
208 59822.98051552083 9990.45 3.6215249999999997 1653.8238520290265 6.040818668652662 0.0038702222400108237
209 59822.98080921296 10044.89 3.6327385 1653.8751931450734 6.0735477753301605 0.003878555527111244
210 59822.981103101854 9934.244999999999 3.6299855 1653.81584906692 6.006862859371485 0.003853154021234965
211 59822.98139756944 10008.085000000001 3.6265994999999998 1660.034623063734 6.028841122319024 0.003853998699561141
212 59822.98169180556 10007.715 3.6259155 1658.8492903686515 6.032925991592614 0.003850081895759471
213 59822.98198553241 10019.22 3.6177504999999996 1657.235256398996 6.045743934853732 0.0038638446465914062
214 59822.98227945602 10018.189999999999 3.630145 1659.376094909363 6.0373233233465395 0.003853349670239877
215 59822.98257251157 9967.35 3.6223199999999998 1655.244194335968 6.021679480349175 0.0038549474063817994
216 59822.982865844904 10021.34 3.6257495 1660.4759403735445 6.035221442441121 0.003848822412433931
217 59822.98315666667 9958.43 3.6465069999999997 1653.4279431864852 6.0228992990212324 0.0038550239302178983
218 59822.98344991898 10023.43 3.637625 1654.1771169330143 6.059466001188733 0.0038691557182544737
219 59822.983742847224 10027.494999999999 3.6173335 1665.1472910437171 6.021986795963707 0.003837753614913281
220 59822.98403664352 9989.08 3.6279665000000003 1650.0013478865446 6.053982933283553 0.003881112065997656
221 59822.98432962963 10022.59 3.612769 1659.9630753326621 6.037839123615108 0.0038581926493016475
222 59822.98462378472 9952.445 3.62213 1652.898213010323 6.0212086392629205 0.003861089017181355
223 59822.98491883102 9983.97 3.6220685 1661.5911579414046 6.008680265468818 0.003837016524565217
224 59822.985213113425 10021.675 3.6276015 1655.5194985004598 6.053492579868407 0.0038638215144909853
225 59822.98550672454 10005.4 3.6196275 1655.3629056865786 6.044233542765149 0.003866031358924486
226 59822.985801331015 10005.869999999999 3.6159689999999998 1649.3211970428692 6.066659434159886 0.0038931837931246013
227 59822.986095266206 9999.78 3.628812 1653.0339052862441 6.04934960379316 0.003870718806421434
228 59822.986389375 9964.97 3.6275734999999996 1642.1285619413363 6.068325118356957 0.0039081785943871974
229 59822.98668274305 10019.985 3.6205985 1647.4859320265584 6.081985166134015 0.0039021450102336664
230 59822.98697636574 9982.86 3.6251075 1643.9161780998327 6.072608891494075 0.003908115242915881
231 59822.98727027778 9987.305 3.6239035 1652.493848454673 6.043777415171387 0.0038741844410655063
232 59822.98756488426 10016.085000000001 3.6246389999999997 1652.2943929807639 6.061925188725499 0.003879520007310654
233 59822.987858252316 9988.795 3.6332165000000005 1657.22620231867 6.02741797470038 0.003850652476761107
234 59822.98815262732 10005.0 3.6217165000000002 1655.339187257144 6.044078504888196 0.003867489318362131
235 59822.988446400464 9959.98 3.625938 1647.10682056654 6.046954499632367 0.0038844360829254146
236 59822.98874035879 9970.275 3.631742 1651.5651934205684 6.036864327075392 0.003869033956216883
237 59822.989034791666 9954.439999999999 3.620082 1652.1245018944958 6.025235984688329 0.0038634213805822195
238 59822.98932990741 9979.210000000001 3.6419535000000005 1649.306860431379 6.05054780248105 0.0038760998587070074
239 59822.989622719906 9912.535 3.6273345 1647.4578812068858 6.016867024690384 0.0038651699333137764
240 59822.989915081016 9900.485 3.6311504999999995 1649.8616351761682 6.000797151054943 0.003857798668433162
241 59822.99020855324 9969.74 3.6326009999999997 1645.080369533148 6.060336129856853 0.0038940550874371187
242 59822.990502465276 9949.765 3.6196244999999996 1643.046259839172 6.055681597774321 0.0039014549227020523
243 59822.990797060185 9966.914999999999 3.6169375 1650.0232976825396 6.04046925519085 0.003876254431585047
244 59822.991092337965 9907.835000000001 3.6155904999999997 1640.2974830509154 6.040267148110023 0.003905155210718805
245 59822.9913878125 9923.89 3.6155245000000003 1638.9639206133347 6.054977705846186 0.003912335705949729
246 59822.99168125 9987.630000000001 3.633721 1638.4510697258693 6.095775567878899 0.003929523285498745
247 59822.991976921294 9974.76 3.6403655 1646.8783828077974 6.05676782458813 0.003884170047196792
248 59822.992271145835 9939.895 3.6386450000000004 1636.3611030456193 6.074389681776059 0.003913829831000685
249 59822.99256612269 9927.285 3.6230435 1646.1799809053744 6.030497949890109 0.00388416846389082
250 59822.992860555554 9933.560000000001 3.625902 1652.2500182022216 6.012140953587943 0.0038589000330794226
251 59822.99315475694 9952.810000000001 3.6290104999999997 1640.3966798260928 6.067319034719792 0.003905281613302459
252 59822.993446782406 9911.355 3.6242905 1636.401787587798 6.056797954621047 0.003918606509187086
253 59822.99374085648 9926.2 3.621657 1639.2531598786722 6.0553185090304655 0.003910813498677563
254 59822.994033993054 9961.08 3.6407645000000004 1635.5894023744368 6.090208206007685 0.0039285572878206025
255 59822.994327465276 9924.42 3.6189585 1633.7050669985574 6.074792935687677 0.003931372679122543
256 59822.99462181713 9873.939999999999 3.627939 1643.951290169448 6.006224186230151 0.0038761656098908054
257 59822.99491621528 9867.82 3.6108355000000003 1642.5832091331206 6.007500834741747 0.003882991565547409
258 59822.99521116898 9905.5 3.6274284999999997 1642.787998683814 6.02968855867963 0.003888753771106429
259 59822.995503136575 9930.205 3.645284 1637.5185347325753 6.064178688286854 0.003910435319671181
260 59822.99579584491 9942.3 3.6248199999999997 1646.2730015149236 6.0392778055953995 0.003881466696946931
261 59822.996089988425 9889.45 3.6280845 1636.755786877137 6.0421048022494945 0.003907466861484008
262 59822.996385 9916.76 3.6168835 1634.4917724517577 6.067182574510448 0.0039241356520834545
263 59822.99667890046 9934.130000000001 3.6228185 1643.7560728083718 6.043554858493969 0.0038926744713373832
264 59822.99697320602 9895.385 3.6288519999999997 1637.6985698590036 6.0422504984247105 0.0039039095675812256
265 59822.997267175924 9848.564999999999 3.6341810000000003 1636.7762103277444 6.017050429898382 0.0038935402042471526
266 59822.997560462965 9877.785 3.6256125 1636.9858568824632 6.034129713748182 0.003904028746735062
267 59822.997853981484 9880.175 3.6400284999999997 1641.8853992362713 6.017578939794335 0.00388347080109509
268 59822.99814837963 9879.625 3.6172139999999997 1642.2288660408585 6.015985472121275 0.0038884518053583913
269 59822.99844274305 9914.91 3.6351205 1641.8643274525994 6.038811998177263 0.003890596710027422
270 59822.99873710648 9922.0 3.6207374999999997 1639.8213433672522 6.050659140480453 0.003907157162756662
271 59822.99903190972 9852.41 3.629562 1640.320230799073 6.006394248518445 0.0038876093598929438
272 59822.99932649305 9896.685000000001 3.6237265 1638.4334407661495 6.040333866337715 0.003903490506739034
273 59822.99962019676 9858.869999999999 3.6229394999999998 1642.1852698198018 6.003506535582201 0.0038788277299124266
274 59822.9999158912 9890.189999999999 3.6326365000000003 1641.538573372225 6.024951323368848 0.0038884685036195722
275 59823.000210405095 9905.55 3.6242080000000003 1642.681723340207 6.030109094936654 0.0038938358010512596
276 59823.00050548611 9964.125 3.6237975 1644.9743337061068 6.057313354884358 0.0038963079735063045
277 59823.000799629626 9933.18 3.6115090000000003 1641.8238401011179 6.050088783817531 0.0039044105746310833
278 59823.00109460648 9900.68 3.6150945 1637.8638865443338 6.0448734973264875 0.003907077984355792
279 59823.00138994213 9952.175 3.6240634999999997 1640.4170551613431 6.066856576921626 0.003908367335671007
280 59823.00167711805 9904.994999999999 3.6170245000000003 1647.1366802481757 6.013462706997457 0.0038729574784850266
281 59823.00197125 9924.369999999999 3.622399 1637.9948869870946 6.05885285652799 0.003912912863391832
282 59823.00226450231 9936.055 3.6133584999999995 1641.843813386841 6.051766263627495 0.0039024668706656588
283 59823.00255946759 9848.695 3.620817 1629.0346089364214 6.045724839713567 0.003929452563788319
284 59823.00285398148 9896.064999999999 3.605062 1641.4952942525892 6.028689229051921 0.0038946987079632473
285 59823.00314949074 9890.560000000001 3.6280135000000002 1640.4462630199052 6.029188656135815 0.0038931241635529776
286 59823.003443263886 9887.59 3.6227834999999997 1636.9264099837185 6.040338734652309 0.003906634623140419
287 59823.00373820602 9910.76 3.6248294999999997 1633.6340853590382 6.066695160698624 0.003926677302370423
288 59823.004033819445 9876.060000000001 3.624035 1631.2071323261703 6.0544487602358155 0.003926137537034277
289 59823.004328125 9929.310000000001 3.6204434999999995 1637.7567351405191 6.062750216165693 0.003913920992820761
290 59823.00462417824 9874.36 3.6279085 1639.9580853435943 6.021105105214431 0.003888235918847648
291 59823.00491631944 9895.33 3.641845 1636.7391090656747 6.0457588782421805 0.0039037477565566697
292 59823.00521157408 9836.64 3.6324855 1633.5471365114067 6.021644420378997 0.0039029478666492926
293 59823.00550723379 9902.130000000001 3.6256320000000004 1639.6976026666398 6.038997668775126 0.0038980182526698833
294 59823.00580222222 9832.67 3.623254 1634.904188952293 6.014217876768141 0.0039008895971116473
295 59823.00609737269 9939.935000000001 3.631064 1643.7396068723701 6.047146980240526 0.003892197094115062
296 59823.00639232639 9863.369999999999 3.619914 1633.0695935592485 6.039773221484667 0.003919848757891439
297 59823.0066878588 9933.525 3.6257620000000004 1640.7994553542192 6.05407624166692 0.0039037723992760877
298 59823.006981342594 9901.73 3.626352 1629.8953992709037 6.075070832416185 0.00393885623665751
299 59823.007275868054 9945.785 3.615455 1642.3686630285733 6.055756678686073 0.003904862689498268
300 59823.007569409725 10001.865 3.62572 1636.9737411007823 6.109972780182931 0.003941062483737833
301 59823.007864768515 9888.310000000001 3.6246085 1636.7451576118938 6.041447536296744 0.003906919729942011
302 59823.0081596875 9980.119999999999 3.6185634999999996 1635.0193995633942 6.1039765049057095 0.0039419463719866776
303 59823.00845502315 9925.380000000001 3.6192245 1641.1643103479284 6.047767391368516 0.003902197468501921
304 59823.008749583336 9862.26 3.6313515 1637.9327641549983 6.021162904747127 0.0038935820391883895
305 59823.009044004626 9980.060000000001 3.613884 1644.405043457644 6.069100821422446 0.003906446182105004
306 59823.00933871528 9919.805 3.628196 1637.3494084109225 6.058453344803998 0.003916022031887383
307 59823.009631469904 10011.045 3.6301634999999997 1639.3578879701367 6.106686693285588 0.003935189007828178
308 59823.00992625 9984.115 3.624221 1640.3737702692079 6.0864878364651425 0.0039161995268087
309 59823.010220219905 9928.905 3.621846 1637.9330379145 6.0618503749347346 0.003915951675326434
310 59823.01051609954 9957.025 3.6236040000000003 1632.441347086211 6.099468760560717 0.0039412010072700275
311 59823.01081020833 9975.66 3.6373945 1643.9187755127336 6.068219518259727 0.003902643970929858
312 59823.01110591435 10008.225 3.6463855 1638.2897763189505 6.108946747191046 0.003929797607543194
313 59823.01140048611 9998.89 3.6296385 1639.91170394972 6.097212414496291 0.003924109744737377
314 59823.01169613426 10022.76 3.6146795 1638.7382025332681 6.116144717018353 0.003939254649376433
315 59823.011991099534 9978.555 3.624835 1628.586419482519 6.127126494871959 0.0039618650506708444
316 59823.01228559028 10010.045 3.6411904999999996 1638.0897003817438 6.110803942950889 0.003930046241257471
317 59823.01257763889 10008.28 3.6614400000000002 1641.3309416465536 6.097661200464469 0.003907671413625234
318 59823.01287226852 10035.68 3.6245545 1636.6394153032027 6.131882139805851 0.003950574723076902
319 59823.01316569444 10058.555 3.6317709999999996 1638.3814325554172 6.139324335671618 0.003949210016075821
320 59823.013459849535 10004.72 3.63279 1634.7773104951032 6.119928344839826 0.003947031758185471
321 59823.013747094905 10016.395 3.6431489999999997 1636.8708364684574 6.1192335869397825 0.003938757523707212
322 59823.014040625 10041.305 3.6316405000000005 1645.6970318492813 6.101551382587423 0.00391712276105449
323 59823.01433440972 10098.73 3.6352155 1645.4817059268707 6.137248420098091 0.003924834409873524
324 59823.01462744213 10063.76 3.6344745000000005 1639.7858771834467 6.1372403190140075 0.00394129725519392
325 59823.01492134259 10067.814999999999 3.6468654999999996 1636.0055587629327 6.153900239564459 0.003953417697847604
326 59823.01521208333 10093.605 3.6284625 1642.8266282655252 6.144047598410731 0.003936440749442444
327 59823.01550502315 10053.914999999999 3.6230365 1650.1772752911572 6.092627228929744 0.003900150089076548
328 59823.01579868056 10089.68 3.63669 1640.5276204406512 6.150265240453482 0.003942974175324924
329 59823.01609157407 10083.49 3.6302844999999997 1642.7273628728287 6.138261422982464 0.003934094508592811
330 59823.01638623843 10075.875 3.6324309999999995 1645.8411930849174 6.12202139692109 0.003918560813718894
331 59823.01668013889 10097.564999999999 3.6306885 1640.9783645298417 6.153380945332001 0.003945115805151714
332 59823.016974722224 10164.505000000001 3.6475549999999997 1642.0568883538253 6.190105271072548 0.003952049212685073
333 59823.01945908565 10071.09 6.931502999999999 1635.9703949144582 6.156034382594434 0.0045705131190430254
334 59823.020170474534 10072.0 6.952047 1641.620070416659 6.1354025706104025 0.004563503621245655
335 59823.02034780093 10190.75 6.921304000000001 1639.8624032042899 6.214393341836048 0.0045613787587631275
336 59823.02052684028 10072.119999999999 6.949235 1638.764621070226 6.146166368555242 0.004570360722902534
337 59823.031730636576 10139.33 6.953336 1620.906823189351 6.255344141281059 0.004634829054853255
338 59823.03190822917 10056.130000000001 6.917261000000001 1624.5228286328222 6.190205408478693 0.004599990378946107
339 59823.03208578704 10001.58 6.929316 1631.946605185441 6.128619630213638 0.004579102404157277
340 59823.032264594905 9983.966 6.935024 1622.2570441528103 6.154367482012641 0.004611351096313215
341 59823.03244162037 10034.42 6.936297999999999 1615.4587795456346 6.211498632495155 0.004636911295637471
342 59823.03262024306 9971.178 6.932053000000001 1621.6974864682588 6.148605447810913 0.004611344283107276
343 59823.032799050925 10089.99 6.943998000000001 1630.27849892908 6.189120451890921 0.004596638593866611
344 59823.032977083334 10019.8 6.945084 1636.4463185907834 6.122901732962737 0.0045742131817135614
345 59823.03315591435 10074.060000000001 6.9285499999999995 1623.1820645290825 6.206364781958509 0.004611157692854714
346 59823.03351087963 10044.810000000001 6.942145999999999 1632.0888027625563 6.1545731966285455 0.0045866031327506905
347 59823.03368984954 10006.91 6.947595 1611.3438955779857 6.2102882118844915 0.004654663620024896
348 59823.03386931713 9948.564 6.925603 1619.6190024218624 6.142533512587608 0.004614246113125278
349 59823.03404798611 10003.39 6.938028 1615.244017210212 6.193113791733755 0.004636719670318776
350 59823.03422648148 9823.428 6.936179 1614.3349901459928 6.085123632928018 0.004626707549087888
351 59823.03440449074 10014.9 6.951220999999999 1610.4284942441384 6.2187796824226815 0.004659751090020969
352 59823.03458326389 10087.22 6.954573999999999 1617.5145663727792 6.23624677620075 0.00464346470930064
353 59823.03476163194 9960.155 6.9512339999999995 1622.5353115326702 6.138636816841598 0.0046179791329041976
354 59823.03493944444 9877.511999999999 6.953441 1621.0453066411972 6.0932979229718045 0.00461754563175727
355 59823.03511784722 10025.060000000001 6.941339999999999 1617.822922188475 6.196636147569734 0.004631319641554361
356 59823.03529634259 10019.5 6.943557 1617.561615197794 6.1941999030280055 0.004633704956018412
357 59823.035474525466 9935.744 6.943803 1614.170515796859 6.155324919372025 0.004638924187809702
358 59823.03565376157 10001.98 6.935184 1612.793874059755 6.2016480598496 0.004643325797790864
359 59823.03583302083 9935.115 6.951924 1615.255757740981 6.150799928981385 0.004639137268005041
360 59823.0360128125 9992.824 6.927193 1617.9722514843725 6.176140530736734 0.004622358210888794
361 59823.036192037034 9896.712 6.932259999999999 1620.9188995512534 6.105618240826161 0.004609181907839002
362 59823.03637109954 9987.869999999999 6.950683 1620.973877996173 6.161647720287062 0.004623331068052838
363 59823.03654292824 10060.25 6.929273 1621.4890741332358 6.204327960321095 0.004616200648594735
364 59823.036719537035 9918.983 6.924889 1624.2300027969611 6.106883251090847 0.004595801845193794
365 59823.03689831019 9971.405 6.933541 1623.3168028280188 6.142611831916345 0.004607135617086649
366 59823.037076458335 9941.196 6.936169 1616.4586759956483 6.149984622326815 0.004628541454239697
367 59823.037256261574 10051.65 6.917203000000001 1621.7435021088675 6.198051656707198 0.0046087162104710006
368 59823.03743591435 10116.43 6.955798 1614.1317336385207 6.2674128692060895 0.004657172338808378
369 59823.0376140625 9889.766 6.931925 1617.273715892911 6.115084851014086 0.004619817848214217
370 59823.03779070602 9944.179 6.943975 1622.1887165735016 6.130099968272975 0.004613725595632233
371 59823.03796925926 9971.52 6.948241 1612.59232472585 6.183534329853155 0.004648998001548591
372 59823.03814810185 9991.212 6.951156 1626.7194067739968 6.141939389420525 0.004605511933854552
373 59823.03832634259 9945.130000000001 6.92282 1622.2325268443735 6.130520646966458 0.004603057117690384
374 59823.03850483796 9937.558 6.936967 1621.6248767419409 6.12814846548597 0.004611076197291632
375 59823.03868391204 9874.318 6.933623 1611.2553745208215 6.1283382858763575 0.004639372957909179
376 59823.03886295139 9973.326 6.909026 1607.848047175831 6.202903326292585 0.004645650105771814
377 59823.03904186343 10059.18 6.93665 1618.7614320599253 6.214121365122577 0.0046288902278557075
378 59823.03922056713 9973.728 6.923792000000001 1615.9282388058368 6.172135470180616 0.004625582807193657
379 59823.039399166664 10052.4 6.961703 1615.0050468869556 6.224376833606038 0.004652395150516665
380 59823.03957028935 9942.332 6.94632 1623.728375142859 6.123149753495718 0.004610789212007105
381 59823.03974915509 9978.572 6.933365 1620.511487870521 6.157668165075846 0.004616668946083991
382 59823.03992717592 10102.710000000001 6.921514 1614.339322977124 6.258108104167863 0.00463898484675061
383 59823.04010576389 9999.122 6.934594 1617.710708304403 6.181032213405164 0.004627093855856442
384 59823.04028407407 9981.954 6.929698 1621.3386225074182 6.156612728168281 0.004613576988241484
385 59823.04046295139 9976.136 6.9458839999999995 1623.8158486137463 6.143637536557264 0.004610958416311634
386 59823.04064140046 9942.759 6.923331 1608.6979900888302 6.18062499068018 0.0046475967685928165
387 59823.04082015046 9951.588 6.962054 1617.0975511532754 6.1539812442995565 0.0046391588483852015
388 59823.040998564815 9934.297999999999 6.9651629999999995 1613.0942703096152 6.15853529632414 0.0046544092928427665
389 59823.04117665509 10089.47 6.932818 1611.152388100085 6.262269214582351 0.004653459312447908
390 59823.04135486111 10015.619999999999 6.961817000000001 1609.9871382346955 6.220931684573479 0.004667054299087199
391 59823.04153361111 10000.72 6.963657 1623.1491361506216 6.161306917069371 0.004624735512339304
392 59823.041710694444 10036.11 6.926862 1613.0857395270984 6.22168416351027 0.0046418235161403264
393 59823.04189046296 10000.24 6.945305 1606.3119011888298 6.225590430226429 0.0046687422307027686
394 59823.04206983796 10016.07 6.926537000000001 1618.9913077186254 6.186611350072026 0.00462105340841875
395 59823.04224934028 9958.197 6.934504 1622.8868764497574 6.136100516004323 0.004607687168214116
396 59823.04242831018 9943.996000000001 6.957841999999999 1616.4158367387454 6.151879840563087 0.004639145841892049
397 59823.042607951385 9922.833 6.9146019999999995 1614.832845907772 6.14480503362682 0.004622109075859828
398 59823.04278701389 9971.695 6.933338999999999 1618.2853769560575 6.161889084579406 0.00462270645155666
399 59823.042966030094 9963.106 6.943433000000001 1617.5687179750817 6.1593092703178005 0.004628113995635127
400 59823.04314364583 10038.35 6.976399000000001 1620.1380981028285 6.195984164408482 0.004642023380017237
401 59823.0433206713 9977.252 6.929768 1618.1321476883757 6.165906792132683 0.004621161013380689
402 59823.04349917824 10045.23 6.945766000000001 1617.903735812528 6.208793377286554 0.004634643113285915
403 59823.043677650465 9996.158 6.944521 1623.1559450414284 6.158470497266277 0.004614049077838045
404 59823.043855358796 10009.03 6.934413000000001 1613.5741384348394 6.203018356323386 0.004641937374393777
405 59823.04403370371 9953.633 6.937074 1625.0776526653815 6.125019923616872 0.004603111479319724
406 59823.04421275463 9898.417 6.936439 1616.5746212554625 6.123080784425962 0.004624842729030049
407 59823.04439121528 9942.538 6.9625140000000005 1620.7264618094596 6.134618169249644 0.004627413794635186
408 59823.0445703125 9997.757000000001 6.931579999999999 1626.3775535876491 6.147254662944535 0.004597262686274187
409 59823.04474780092 10013.51 6.954708999999999 1606.1524819200176 6.234470333744221 0.004676848805224798
410 59823.04492613426 9861.326 6.9311359999999995 1615.3203555373943 6.104873232232175 0.004623735331651939
411 59823.045104791665 10027.439999999999 6.918819999999999 1616.2848133119094 6.204005579593917 0.004626366878123083
412 59823.045283611114 10011.039999999999 6.937156 1620.918100436029 6.176154117414703 0.004618096271945462
413 59823.04546075231 9949.060000000001 6.9583889999999995 1614.7733367984667 6.1612733956367665 0.00464493391301821
414 59823.04563659722 10004.11 6.952146000000001 1614.8830727535997 6.194943874754725 0.004645384944815023
415 59823.04581604167 10016.539999999999 6.919363 1613.1890613227306 6.209154425946182 0.004635055495050185
416 59823.045995243054 9876.753 6.9396569999999995 1610.279882335557 6.133562934211607 0.004646110661483844
417 59823.04617216435 9970.047 6.936957 1616.3150678605407 6.168380904347443 0.0046313619530118375
418 59823.04635114584 10018.14 6.9560569999999995 1621.4568659043912 6.178480729681475 0.004626539382639972
419 59823.04652949074 9960.413 6.943521 1619.4746239166213 6.150397698675402 0.004623405942340179
420 59823.046707905094 9988.138 6.9399109999999995 1615.3350953813056 6.183322598858205 0.004636806603032395
421 59823.046885682874 9898.524000000001 6.925707 1613.0839492522994 6.1363973056629755 0.00463195420606096
422 59823.047063530095 10121.59 6.915455 1615.886822452043 6.263798837495869 0.004632268360005654
423 59823.047240231484 10019.97 6.971766 1611.41905277733 6.2181032194761965 0.004668541808706965
424 59823.04741886574 9915.945 6.949876000000001 1606.8199293783125 6.17116132225005 0.004665889282427724
425 59823.047596944445 9918.08 6.940495 1611.875388567839 6.153130738482379 0.0046435377492143985
426 59823.04777616898 9942.439999999999 6.940309999999999 1600.9154831243554 6.210471511335675 0.004681657045701548
427 59823.04795461806 10014.939999999999 6.936595 1614.4845492730003 6.203181073804459 0.004639875668317964
428 59823.04813304398 10095.24 6.928529 1622.9634241522742 6.220251085000925 0.004613010367697194
429 59823.04831204861 9863.725 6.955026999999999 1623.924303198341 6.074005408117398 0.004608990116166793
430 59823.04849069445 10069.58 6.960309 1608.102766642231 6.26177642926739 0.004675575629875535
431 59823.04867045139 9934.938 6.953647999999999 1615.079374336119 6.151362067937852 0.004640368493291015
432 59823.048849039355 10046.75 6.935045 1615.0233202864777 6.220808005557392 0.004639046222690708
433 59823.049028368056 9926.909 6.942641999999999 1613.940838236505 6.150726696306152 0.004638571977194117
434 59823.04920761574 9863.742999999999 6.947734 1603.1874599599648 6.15258243115644 0.004671818300888303
435 59823.049387060186 9979.547 6.950342999999999 1599.8561947270905 6.237777515811256 0.00469261803574253
436 59823.04956574074 9945.859 6.9559169999999995 1615.95297519768 6.154794819312933 0.004639673771027041
437 59823.049737395835 9948.089 6.948404999999999 1615.2818273857117 6.1587326937867575 0.0046382199070418165
438 59823.04991608796 9924.907000000001 6.940424 1614.460589536135 6.147506519717284 0.004636019230858302
439 59823.05009443287 10044.210000000001 6.935107 1612.1914648142715 6.23015951840256 0.0046479339767497435
440 59823.050271631946 9920.211 6.936020999999999 1600.5571691757984 6.197973550115913 0.004679327479314329
441 59823.05045015046 9940.706 6.957333 1618.675604764454 6.141258922257341 0.0046304644402913615
442 59823.05062300926 9897.678 6.937563 1621.3236755476134 6.104689735476162 0.00460994290374997
443 59823.050802094906 9902.426 6.948605000000001 1613.6025562150169 6.136843277707645 0.00464134854220062
444 59823.05098140046 10012.35 6.948595 1606.8171814383975 6.2311693674056325 0.004670707900016278
445 59823.05116052083 9988.455 6.93168 1601.0051356914141 6.238865058784687 0.004679374089566051
446 59823.05133931713 9952.475999999999 6.971585 1609.2050043462332 6.18471603873949 0.004669984352951404
447 59823.05151827546 9841.259 6.972102 1608.5185327499248 6.118213001360559 0.004666476787767522
448 59823.05179736111 9891.966666666667 5.839424166666666 1620.29238124912 6.105050410124577 0.00414211111908215
449 59823.05199921296 9966.666666666666 5.829148333333333 1606.383352859994 6.204413565991008 0.004189753329725066
450 59823.05219903935 9969.291666666666 5.825411666666667 1609.6479852399673 6.193460780296282 0.004178308204591722
451 59823.0524003588 9940.716666666667 5.843251666666667 1605.5563310524894 6.191446836468351 0.004194404028806718
452 59823.05260041667 9918.383333333333 5.828035 1605.6882257263526 6.177029372465276 0.004186523837330468
453 59823.05280253472 9950.566666666668 5.8304800000000006 1612.3297412977927 6.171545690559104 0.0041698979543327965
454 59823.05300497685 9966.733333333334 5.830266666666667 1606.817545269447 6.202778506293951 0.004188960625446639
455 59823.05320728009 10010.5 5.835963333333333 1611.9043348569257 6.210356150502283 0.004179323682319194
456 59823.05340898148 9995.783333333333 5.851119166666667 1605.372381506877 6.226457766733739 0.004203336058563746
457 59823.05361103009 9845.091666666667 5.824328333333334 1606.4815161007489 6.128356640269767 0.0041738937514715045
458 59823.05381349537 9935.050000000001 5.82848 1618.117845656042 6.1398803719218495 0.004150601227175221
459 59823.05401582176 9898.15 5.824818333333333 1606.4573395968519 6.161477031493402 0.004180636191103202
460 59823.0542180787 9966.791666666666 5.825038333333333 1609.7444412637142 6.191536626051234 0.004177016007146937
461 59823.054420347224 10013.908333333333 5.818643333333333 1602.4054171061662 6.249297603734866 0.0042031268035890215
462 59823.054623020835 9960.358333333334 5.831411666666667 1604.7224326643457 6.206904154007491 0.004195405948842554
463 59823.05482383102 9978.199999999999 5.830004166666666 1612.8077559647202 6.18685020771829 0.004170555202959017
464 59823.05502678241 9956.866666666667 5.832215000000001 1605.4423069065244 6.201946107831327 0.0041933493641017885
465 59823.05522898148 9995.316666666668 5.847849166666666 1610.535303665434 6.206207739698859 0.004188070402225762
466 59823.055431747685 10032.433333333332 5.839194166666666 1600.3228645031863 6.26900580867965 0.004218913841785977
467 59823.05563451389 9931.9 5.8352233333333325 1603.3410451619447 6.194502429766484 0.004197002355778129
468 59823.05583736111 9948.983333333334 5.826058333333333 1609.4565389718955 6.181579366963611 0.0041771183792222695
469 59823.056039745374 9882.866666666667 5.832345833333334 1599.2494245984292 6.179690619021639 0.004204543237878111
470 59823.05624287037 9967.891666666666 5.8116275 1601.5907180423778 6.22374465234814 0.004199512124956293
471 59823.05644512732 9949.008333333333 5.8478575 1602.9276562784667 6.206773146850586 0.004207966067014521
472 59823.05664797454 10002.466666666667 5.835635833333334 1605.2528420244932 6.231084851438031 0.004199994645378164
473 59823.05685079861 9915.366666666667 5.8077875 1604.7385610958308 6.178805013506837 0.004182705849957607
474 59823.05705314815 9927.258333333333 5.8464383333333325 1602.3175076508971 6.195562543585601 0.0042066649904953825
475 59823.057255451386 9925.641666666666 5.836955833333334 1605.362766209261 6.182802962413323 0.004191756279526789
476 59823.057458125 9936.574999999999 5.833144166666667 1601.5247545214845 6.204446713637544 0.0042031899250529175
477 59823.057659375 9883.975 5.822359166666666 1588.1219615651612 6.223687625513929 0.004240618070316682
478 59823.05786165509 9859.541666666666 5.84113 1610.6264702659212 6.121556952332228 0.004169530685114464
479 59823.058063715274 9887.975 5.830010000000001 1595.7748739119263 6.19634709234414 0.004216440551205752
480 59823.05826625 9932.733333333334 5.825640833333334 1620.623762012337 6.128956989375379 0.004138874551005836
481 59823.058468090276 9885.791666666666 5.837387499999999 1611.4138345585543 6.134855897755695 0.004168126851761182
482 59823.05867086806 9910.975 5.849544166666667 1601.0878927499562 6.190150487602125 0.004208899529775741
483 59823.0588734375 9896.591666666667 5.822471666666666 1598.7208631765905 6.190318707045932 0.0042053792471005245
484 59823.0590758912 9852.583333333334 5.8285475 1599.7844865275672 6.158694134307419 0.004198642854480487
485 59823.059279050925 10022.050000000001 5.8490125 1602.6742605506065 6.253329354997488 0.004217876625039271
486 59823.059481226854 9882.116666666667 5.846578333333333 1603.6674176858028 6.162198319728419 0.004196635588147548
487 59823.059683472224 9960.125 5.807700833333333 1611.1604465747614 6.181957247755602 0.0041659486492610165
488 59823.059886967596 9830.241666666667 5.843934999999999 1603.4664406753889 6.130618899966572 0.004192484133786272
489 59823.06008824074 9929.050000000001 5.835250833333333 1606.8921079833651 6.179039619816708 0.004186518481773974
490 59823.060290787034 9957.6 5.832903333333333 1599.3223864180668 6.2261368217958895 0.0042139877326229595
491 59823.06049278935 9947.633333333333 5.8416508333333335 1602.6483554027345 6.206996874765807 0.004206145606858809
492 59823.06069371528 9892.574999999999 5.8425183333333335 1596.8108732507885 6.195207689098891 0.0042175289828444975
493 59823.060896539355 9919.041666666666 5.8805000000000005 1595.4346599647936 6.217140642341034 0.004239784832347565
494 59823.061099039354 9894.608333333334 5.849805 1599.8849697837802 6.184574841446608 0.0042114123285150965
495 59823.06130214121 9856.216666666667 5.848654166666667 1603.8620314683365 6.1453020729241254 0.004193469648707585
496 59823.061504756944 9984.316666666668 5.8363933333333335 1614.5904494898466 6.1838075840355415 0.004166818095488177
497 59823.061708194444 9856.841666666667 5.854498333333333 1606.0196817690312 6.137435162568713 0.004188005676706373
498 59823.06191082176 9850.533333333333 5.854035 1607.6352554222544 6.127343438201742 0.004184256406746647
499 59823.06211295139 9938.333333333334 5.8388675 1603.8399769635485 6.196586614675217 0.004198667609889759
500 59823.06231587963 9821.683333333332 5.85372 1601.199851204157 6.1339521896327245 0.004201252669412077
501 59823.06251802083 9870.208333333334 5.832589166666666 1599.9988103523817 6.168884795082773 0.0042021412028110244
502 59823.06272011574 9838.866666666667 5.850276666666667 1590.0774259851535 6.187665145029568 0.004240605860614453
503 59823.062923171296 9832.6 5.847618333333333 1602.7122004915577 6.134975447859139 0.004196226033468938
504 59823.06312525463 9848.0 5.84823 1604.5143977925834 6.137682537189085 0.004192500553891239
505 59823.0633271412 9890.533333333333 5.849360833333333 1599.1954870550987 6.184693124382588 0.004212290631363328
506 59823.063528715276 9651.633333333333 5.8292633333333335 1606.1970663727825 6.008996987604561 0.004157370186686039
507 59823.06373144676 9771.041666666666 5.846665833333333 1590.5955007893763 6.143008490730372 0.00422947875297502
508 59823.06393379629 9874.508333333333 5.819520833333333 1598.208266770636 6.1784865831572215 0.0042019932274360815
509 59823.0641365162 9879.591666666667 5.833023333333333 1589.9629263422128 6.21372454853092 0.004237290732985859
510 59823.064339675926 9701.949999999999 5.870486666666667 1602.516250936118 6.054197574803098 0.004190992186987871
511 59823.06453361111 9652.283333333333 5.851263333333333 1600.5595385860756 6.030568123607636 0.004184012666085166
512 59823.06473560185 9793.083333333334 5.845925 1597.4174115872108 6.130572549351909 0.004207808791771824
513 59823.06493759259 9739.191666666668 5.841179166666667 1593.7295300951905 6.110943847595623 0.004212106883858159
514 59823.06513918981 9767.324999999999 5.8470949999999995 1586.7110165724132 6.155705038904445 0.004240129456097796
515 59823.065340960646 9771.050000000001 5.860006666666667 1595.020735685672 6.125970516489614 0.004217652644728219
516 59823.065543032404 9698.591666666667 5.8368025 1591.3124775396327 6.094712260197882 0.0042144704438930045
517 59823.06574547454 9814.216666666667 5.8431475 1592.2370382391273 6.163791213851123 0.0042251606872273926
518 59823.065947118055 9733.15 5.8376925 1601.3544339976588 6.078073531605327 0.004185034530850117
519 59823.066149652775 9870.733333333334 5.837925833333333 1580.8078300160118 6.24410706090275 0.004268393812272635
520 59823.0663521875 9756.983333333334 5.861318333333333 1594.9119974689825 6.117568460715705 0.004219077064309015
521 59823.066554756944 9717.741666666667 5.8469083333333325 1580.324703648107 6.149205694395403 0.0042559108196882555
522 59823.06675675926 9798.041666666666 5.839905000000001 1597.1725737900192 6.134616776831042 0.004206648903092094
523 59823.066958877316 9700.933333333332 5.8554475 1595.9424452753424 6.07849823284803 0.004205675177939235
524 59823.06716122685 9772.35 5.822555 1584.935499558319 6.165771416390954 0.004236419019481747
525 59823.0673634375 9764.625 5.838845 1591.030439012293 6.137296157615847 0.0042225557952098895
526 59823.06756603009 9814.85 5.832295833333333 1588.6330788182393 6.178173003486194 0.004233702248017493
527 59823.067767534725 9844.983333333334 5.8378958333333335 1589.9225427721178 6.19211506754792 0.004234389011478346
528 59823.0679693287 9709.125 5.827040833333334 1577.887621027629 6.153242392304688 0.004256571358839374
529 59823.06817113426 9921.4 5.855995 1588.2620141735247 6.24670231451877 0.004255580664827094
530 59823.068373483795 9781.525 5.86393 1581.8395446272402 6.183639189716307 0.004264768713915893
531 59823.06857591435 9680.175000000001 5.857404166666666 1587.719420737164 6.096905330732543 0.0042321340035510234
532 59823.06877795139 9723.775 5.850204166666667 1590.8362600805099 6.112366963214614 0.004223260844255268
533 59823.06897975694 9721.275 5.860374166666666 1586.3579868851032 6.128046178963824 0.004242446325593147
534 59823.06918010417 9715.800000000001 5.847978333333334 1594.1548487879659 6.094640057951028 0.004210144974850978
535 59823.06938079861 9783.574999999999 5.866628333333334 1593.9172479609756 6.138069597098389 0.004225232791618206
536 59823.0695812037 9826.800000000001 5.852593333333334 1597.911004190839 6.149779289476864 0.004212308894843861
537 59823.06978138889 9765.75 5.863793333333334 1581.2754769532994 6.175868874420303 0.004266308183238435
538 59823.06998208333 9888.958333333334 5.8509025 1593.6340800579308 6.205287937224496 0.004231845633381371
539 59823.07018311343 9754.375 5.8377475 1589.3401603643674 6.1373740142347755 0.004226573070768973
540 59823.070385127314 9784.025 5.828185833333333 1595.1715527501547 6.133525251959174 0.004206932834662685
541 59823.07058699074 9942.358333333334 5.851325833333333 1587.6860797177487 6.2621688634448684 0.0042585221568610145
542 59823.07078908565 9724.125 5.849550833333333 1578.601030679774 6.159963671005976 0.004262301279328342
543 59823.07099028935 9752.691666666668 5.865772499999999 1585.1139968381133 6.152675256240705 0.0042526047863351004
544 59823.071192048614 9791.066666666668 5.8573200000000005 1594.7813923334154 6.139441251155308 0.004221088859724918
545 59823.07139386574 9717.808333333332 5.850501666666666 1583.2700529158096 6.137808465104643 0.004247674064459738
546 59823.071595416666 9773.975 5.886113333333333 1578.55555803512 6.1917206209491855 0.004284718434884487
547 59823.07179761574 9882.75 5.848459166666667 1584.2309579415787 6.238200276581417 0.004262047594569572
548 59823.071999594904 9768.683333333332 5.8502 1576.9759808353679 6.194566976320457 0.004273979026910543
549 59823.07220106482 9761.1 5.841195833333334 1576.2805294738748 6.192489101707058 0.004273126523174681
550 59823.072402743055 9714.449999999999 5.864565833333334 1566.7366798409573 6.200435673074389 0.004309788977604103
551 59823.072604560184 9712.183333333332 5.845305 1578.6812523086319 6.1520863183308405 0.0042610288038001974
552 59823.07280592593 9825.366666666667 5.845856666666666 1581.4893348030541 6.2127302729425224 0.004264944757512338
553 59823.0730066088 9789.983333333334 5.8626775 1574.7657562955303 6.216787032735099 0.004288951804080974
554 59823.07320806713 9812.775 5.855283333333333 1576.5402861997595 6.224246272611043 0.0042826891776115185
555 59823.073409780096 9896.641666666666 5.873815833333333 1574.082773723165 6.287243486731146 0.00430767534713684
556 59823.07360971065 9715.0 5.861619999999999 1568.9158713470858 6.192173957459306 0.004301640752582743
557 59823.073810636575 9752.058333333332 5.867325833333333 1564.5534832593303 6.233125577156696 0.004321424450186888
558 59823.074012199075 9689.916666666666 5.85716 1570.05376526118 6.171710091122096 0.004292033470948301
559 59823.074213078704 9798.158333333333 5.849410833333334 1557.1177400998358 6.292496759240002 0.004345703457479022
560 59823.07441332176 9807.175000000001 5.851039166666666 1581.2585377995176 6.202132520117605 0.004264295110885367
561 59823.07461466435 9749.591666666667 5.8595425 1567.0807983758673 6.2214990297700075 0.004309705427406516
562 59823.074816458335 9782.050000000001 5.8496 1583.9865563130295 6.175589029473341 0.004253545832246441
563 59823.07501868055 9755.783333333333 5.8492283333333335 1578.7664920593966 6.179370655762752 0.004267581776194467
564 59823.07522060185 9724.5 5.86132 1573.286655656657 6.1810096494724265 0.00428687928722265
565 59823.07542259259 9667.158333333333 5.8611125 1563.2056268680412 6.184188546392298 0.004314320590776356
566 59823.075624212965 9747.791666666666 5.86105 1575.443197443819 6.187332988255375 0.0042812620309793355
567 59823.07582625 9703.458333333334 5.8313525 1582.216913186244 6.132824300173015 0.0042432264949779554
568 59823.076026979164 9784.425000000001 5.876494166666667 1578.233999577415 6.199603482512644 0.00428305977518591
569 59823.07622840278 9632.416666666666 5.858963333333333 1572.4380785059182 6.1257844097868 0.004278325511153961
570 59823.07642726852 9812.841666666667 5.8543475 1584.450872112284 6.193212954330885 0.004255356999040456
571 59823.07662940972 9726.833333333334 5.848881666666667 1565.6476733883997 6.212657865918432 0.004307871624874339
572 59823.07683262732 9682.658333333333 5.850901666666666 1571.5122419028028 6.161363605802697 0.004282749649576329
573 59823.07703327546 9709.508333333333 5.8604125 1574.5749135334238 6.166431492004859 0.004279739695140737
574 59823.07723434028 9651.775 5.849535833333333 1587.2774604001054 6.0807106764856815 0.004227705496531686
575 59823.07743506944 9730.983333333334 5.856834166666666 1585.0190554572544 6.1393478518944935 0.004245344142153571
576 59823.07763532407 9701.0 5.8509400000000005 1577.9580117377936 6.147818844251983 0.004264198991920196
577 59823.07783732639 9645.725 5.8567375 1572.4396903776442 6.134241624035475 0.004278222677690645
578 59823.07803784722 9593.916666666666 5.861660833333333 1579.163020733976 6.075317456590092 0.004254046635801589
579 59823.078240324074 9763.775 5.847700833333334 1581.4186672492863 6.17406079882886 0.004258584580425721
580 59823.07844109954 9691.508333333333 5.844056666666667 1571.6280646030166 6.16654064126893 0.004280839282090877
581 59823.078643622684 9736.016666666666 5.855149999999999 1577.0593092656588 6.173526011016124 0.0042732458747371084
582 59823.07884475694 9725.258333333333 5.838728333333333 1578.5138141357165 6.161021998187708 0.004259597610360697
583 59823.07904740741 9676.491666666667 5.866314166666666 1570.571013649964 6.161129667214961 0.004294811237395369
584 59823.079248761576 9732.841666666667 5.860908333333334 1566.9707055362642 6.211246727382691 0.004307329861892781
585 59823.079449467594 9670.316666666668 5.856871666666667 1562.9927872169098 6.187051370778102 0.004313263494104293
586 59823.079650659725 9620.433333333332 5.8643141666666665 1577.2782523668036 6.099388816714665 0.004265337446615147
587 59823.07985284722 9714.083333333334 5.859569166666667 1572.2760018054869 6.178357567105515 0.004286475191946595
588 59823.0800544213 9554.041666666666 5.884901666666667 1570.9836188858812 6.081566702421922 0.004285701535217259
589 59823.08025633102 9781.824999999999 5.850691666666666 1578.3216675963172 6.1976118055181315 0.004271518472638689
590 59823.08045792824 9690.6 5.8563133333333335 1581.9321391666927 6.125800064410269 0.004251552589416621
591 59823.080657893515 9688.050000000001 5.834531666666667 1573.007788462862 6.158933268516828 0.004272991865466821
592 59823.08085861111 9642.016666666666 5.862055000000001 1581.308060403625 6.097494162020249 0.004250498429957494
593 59823.08105916667 9702.199999999999 5.8638525 1568.0805577826209 6.187309670951861 0.00430246305718134
594 59823.08125836805 9706.283333333333 5.8567775 1576.9694182201292 6.155023186364945 0.004268343357636377
595 59823.081459409725 9638.791666666666 5.8503058333333335 1572.716050759831 6.12875519519868 0.004277030259043226
596 59823.08166157408 9741.066666666668 5.8642658333333335 1579.2339124464393 6.168222826203425 0.004269673666954151
597 59823.081864085645 9642.658333333333 5.842655833333333 1565.406954169124 6.159841252558762 0.004297684486287884
598 59823.08206630787 9751.716666666667 5.8587983333333336 1568.3696007209421 6.217741444480966 0.004304946696049222
599 59823.082266400466 9732.383333333333 5.867299166666666 1571.8634270775183 6.191621463849588 0.004293114331772088
600 59823.08246452546 9654.758333333333 5.885025833333334 1558.967037414489 6.193048410661413 0.004336794020450037
601 59823.08266306713 9649.441666666668 5.870439166666666 1559.2669169196045 6.188447636489033 0.004331101791172273
602 59823.08286390046 9675.65 5.864769166666666 1572.2702013689816 6.1539358766548995 0.004286277115510305
